Unpinned
numRows=16384, numCols=16384, numElem=268435456, numBytes=1073741824
d_gridDim=(512, 512), d_blockDim=(32, 32)
0.537945 0.294408 0.030134 0.213403 -72.750000

Pinned
numRows=16384, numCols=16384, numElem=268435456, numBytes=1073741824
d_gridDim=(512, 512), d_blockDim=(32, 32)
0.293254 0.176341 0.030916 0.085997 -72.750000

numRows=16384, numCols=16384, numElem=268435456, numBytes=1073741824
d_gridDim=(1024, 256), d_blockDim=(16, 64)
0.296278 0.179750 0.027408 0.089120 -72.750000

numRows=16384, numCols=16384, numElem=268435456, numBytes=1073741824
d_gridDim=(1024, 512), d_blockDim=(16, 32)
0.293456 0.178550 0.026761 0.088145 -72.750000

numRows=32768, numCols=8192, numElem=268435456, numBytes=1073741824
CPU=6.909372sec
d_gridDim=(256, 1024), d_blockDim=(32, 32)
0.304526 0.181989 0.030038 0.092499 -72.750000
